-0.079742715 -0.001756262 -0.131962091 
0.035272509 0.012170423 -0.143031538 
-0.042777665 -0.124213070 -0.019756028 

-0.012099617 -0.139359921 -0.105198637 
-0.197093278 0.071141466 0.104032494 
-0.016610891 -0.147781566 0.228759766 

0.118194394 0.254010528 -0.036520738 
-0.025074216 -0.170561492 0.184974298 
0.081527926 0.137457550 0.135920584 


0.076771043 0.227593765 -0.169170767 
-0.003150775 -0.187723324 0.214849949 
0.018646829 -0.046654116 -0.141633883 

-0.014781587 0.238302946 -0.102160089 
0.138851911 -0.082333207 0.109744757 
-0.151287198 0.195006907 0.221303374 

-0.054342285 -0.230334476 0.089303546 
-0.114781946 0.239394665 0.149542496 
-0.018806098 0.086085200 0.014508953 


0.052751444 0.088364631 -0.096117526 
0.092477620 -0.161391750 -0.151891127 
-0.102905579 -0.084290549 -0.033945650 

0.068346828 0.225683376 0.238867044 
0.015999189 0.045722626 0.094397455 
-0.155560538 -0.060468074 0.073367916 

0.004097107 0.200005770 -0.168049842 
-0.170126632 0.058761373 -0.134359196 
-0.029832514 0.054020334 -0.083231121 


-0.175815761 0.114951618 -0.067353010 
0.062564932 0.185125679 0.168340981 
0.092884898 -0.214899838 0.225860834 

-0.062037557 0.241712809 0.218086794 
0.125160649 -0.138093024 0.158154488 
0.117264472 0.145550758 0.174118191 

-0.147249579 0.076617919 -0.069799207 
-0.034315914 -0.133243203 -0.056669418 
0.098048545 -0.158658266 -0.028414540 


0.106542923 0.093191378 0.113263853 
0.154110670 0.028339697 -0.216342434 
-0.240169793 0.172756538 0.069848455 

0.150159389 -0.085818619 -0.234331846 
-0.143469095 -0.224556550 0.103577547 
0.127531961 -0.212880939 0.197485223 

0.082500808 -0.078816600 -0.064557321 
0.031975895 0.043889780 0.153619245 
0.224962533 0.191441998 -0.175858274 


-0.020693108 0.015826156 -0.013328557 
-0.178138658 -0.258949846 -0.046211299 
-0.244093075 0.160007596 0.105928183 

-0.179920897 -0.180703506 0.108207740 
0.084631622 0.126013979 0.001085126 
-0.017456440 0.111712225 0.034709603 

0.204055816 0.102866016 0.186594173 
-0.194242954 0.090524629 0.035740953 
0.029753031 0.233869940 -0.120405592 


0.095386632 0.128439784 0.030800868 
0.059962831 -0.080967627 0.003104113 
0.253210336 -0.013333105 -0.153582186 

0.110983603 0.216187224 0.126728684 
-0.018149445 0.238501787 -0.155369714 
0.208008215 0.178771511 0.211134374 

0.213286981 0.182403699 0.155323505 
0.117233969 0.144961670 -0.066774167 
-0.004499053 0.132261112 -0.080268666 


-0.254390150 -0.075826615 0.085455596 
0.183296129 0.167074800 0.068312228 
0.161725596 0.063039117 -0.004938399 

-0.186179921 -0.070863068 0.104962967 
0.226806983 -0.221058905 0.000245958 
0.082713939 0.064409807 -0.114038981 

-0.080023244 0.243683636 -0.191539720 
-0.068963915 -0.022750663 0.164507985 
0.186667085 0.075184017 0.009277219 


