-0.244983584 -0.177244544 0.087621048 
0.042133715 -0.033305660 -0.165989652 
-0.116689317 -0.184526786 -0.178254798 

-0.050388522 -0.123506792 -0.200191051 
0.066752113 0.037563361 0.089211702 
0.073336758 -0.167565674 -0.157368317 

0.055960573 -0.022650091 0.121640861 
-0.005689922 0.178300321 0.052346699 
-0.233384997 -0.229444042 0.180591017 


0.235672414 0.026972398 0.126900434 
-0.135889843 -0.172416508 -0.003156985 
-0.057528112 -0.088784553 -0.174091935 

0.189914927 0.230244592 -0.104658470 
0.095783234 0.115384623 -0.105501674 
0.221793592 0.153587118 -0.147681773 

-0.217999756 -0.043786120 -0.185334563 
-0.137840629 -0.020312665 -0.014689205 
0.075525515 -0.167229354 0.146562368 


0.230349481 0.138237938 -0.158581167 
-0.220667273 0.175764486 -0.062144399 
0.145768017 0.230482504 0.213443607 

0.129003018 -0.025720311 -0.193218663 
0.133787662 -0.146400213 -0.107797451 
0.110465303 -0.023141548 -0.112956777 

0.062025297 0.128398806 0.093179628 
-0.075051941 0.192214772 0.172779739 
-0.068714812 -0.034377765 0.086403877 


-0.075685225 0.209139511 -0.213514864 
-0.188814938 0.235746235 -0.011934658 
-0.012666440 0.102269664 0.119428091 

-0.091846541 -0.035510872 -0.105897672 
-0.216781795 -0.191235542 -0.227578849 
0.014825558 -0.018921845 -0.024375597 

0.045237068 -0.068439223 0.083903089 
-0.026525296 -0.125810862 -0.169907182 
-0.242354169 -0.169671565 -0.179729670 


0.204995915 0.240870729 -0.067032933 
-0.059968561 -0.093010351 0.100898348 
0.058815420 0.097889617 -0.102375798 

0.195026770 0.005354973 0.043460589 
0.119331405 0.127543896 -0.012199836 
0.023793072 0.054170374 0.006978995 

0.148703501 -0.203280643 -0.113819979 
0.163004577 0.177264914 -0.224799812 
0.179429874 0.201161236 -0.130740061 


-0.031153621 0.213812768 -0.019748921 
-0.173521817 -0.117440082 0.061925374 
0.089079767 -0.046367165 -0.226588607 

-0.012571213 -0.088623486 -0.046172269 
0.206945270 -0.189734027 0.068453357 
-0.211414292 0.081696115 0.015313257 

0.051086109 -0.176436156 -0.248371676 
0.122368291 0.176772669 -0.162819564 
0.110623881 0.023729837 -0.187425956 


0.014479795 -0.108842470 0.212704867 
0.241738349 -0.112473637 0.142654344 
0.131984144 0.203198940 0.087203622 

0.095534034 0.034572072 0.040557407 
0.057551011 -0.020794865 0.168514997 
-0.113747880 -0.242750168 0.227288708 

-0.205121189 -0.193025827 -0.174388021 
0.193540126 0.050608110 0.212363854 
0.042271826 0.012416892 0.160973683 


0.245777160 -0.138176531 -0.154603317 
0.213294834 0.059524629 0.177034542 
0.028152598 -0.150363103 0.217206284 

0.168465421 -0.058410786 0.200092018 
-0.042802487 0.163961932 -0.173271537 
0.054885060 -0.185521305 -0.149542704 

-0.039686587 -0.070789084 -0.164507791 
-0.196303278 0.115804270 0.180581138 
0.101482250 -0.181303367 -0.077358276 


