0.059883602 -0.174193174 -0.183698043 
-0.034843769 0.015572859 0.020735258 
-0.073822230 0.025468212 -0.038006101 

0.045485418 0.133208305 -0.042986110 
0.131652266 0.027181640 -0.178441092 
0.003761601 0.095945276 -0.109115548 

0.027679523 0.062239703 -0.111549094 
0.060337082 0.123551823 -0.106261268 
0.037466675 0.073456377 0.120801307 

0.122264035 -0.161065623 -0.158075139 
-0.085076310 0.027762920 0.018709086 
0.030331319 0.029637741 0.060609996 

-0.023569705 -0.023549287 0.090559885 
-0.008068038 0.053630855 -0.037416033 
0.122297838 -0.071566135 0.019649897 

-0.089235015 0.131949425 -0.025559289 
-0.024394449 -0.106950141 0.049024444 
-0.173828974 -0.035717174 0.113211058 

-0.035378758 -0.056652177 0.135485396 
0.023661261 -0.095944621 -0.049550172 
-0.049480017 0.118020177 -0.005834355 

0.043514624 -0.052667879 -0.117460020 
-0.110041015 0.110680856 -0.035904888 
0.076199643 -0.033854175 -0.085354090 


0.111369759 -0.109311588 0.119491011 
0.111413084 0.174829647 0.014864838 
-0.103786260 -0.143860102 0.083284155 

0.144020036 -0.125884742 -0.073166966 
0.000847014 -0.058405373 -0.127810284 
-0.031794637 0.074705891 -0.161756337 

-0.061560154 0.040723082 0.177790344 
0.105166242 0.188298196 0.031726610 
-0.020038877 0.137334302 -0.029158179 

0.076283738 -0.133096322 -0.048022021 
-0.119279161 0.029211521 -0.046319760 
-0.088973366 0.062486049 -0.001069762 

-0.170986161 -0.076015159 -0.009764577 
-0.114316218 0.061264727 -0.052381489 
-0.063849352 -0.075060837 -0.109288707 

0.143150210 0.144757509 0.093388952 
0.024755158 -0.106620818 0.148697749 
0.125176221 0.101898484 -0.054994676 

0.083109975 -0.087849788 0.126720414 
-0.019647988 0.019716827 -0.169240430 
0.052095693 -0.065016538 0.020026868 

0.117411099 0.059448585 -0.038184080 
-0.004574033 0.067756943 0.106918983 
-0.104846656 0.049736157 -0.170150846 


-0.177887410 0.127202377 0.092290603 
0.108104460 0.065591119 -0.085975133 
-0.074599832 -0.099948369 0.122456208 

-0.021548683 -0.126367524 0.093796067 
-0.104529351 -0.133196846 -0.042601828 
-0.180200994 0.063491590 0.067438729 

0.008613039 0.029929584 -0.075825483 
0.020978816 -0.123449333 -0.166125983 
-0.099889442 0.053653207 0.043761354 

-0.006566018 0.071588695 -0.044947654 
0.017671214 -0.035987921 0.010424089 
-0.013625873 0.107620955 -0.139095008 

0.021678990 0.000599953 -0.186458409 
0.009783764 0.038421482 -0.064265467 
-0.096273586 0.057370886 -0.147085011 

0.119746655 -0.042037774 -0.137500420 
-0.118708618 0.115289517 0.115895964 
0.108433776 0.006600955 -0.182087719 

-0.072820172 -0.080837786 -0.091294400 
0.057753723 0.092008300 0.008106055 
0.085512690 0.021572080 0.089057587 

-0.102820359 0.102907255 -0.109301426 
-0.058671784 0.026508285 0.023900028 
-0.036492728 0.020663591 0.046642844 


-0.012348835 0.277636588 0.230621189 
0.143677607 -0.031197488 0.212079898 
0.215303794 0.027907822 0.223985583 

0.138100147 -0.150623918 -0.109919026 
-0.051170927 0.108336486 0.064125143 
0.029165497 -0.008344982 -0.059076499 

-0.108088128 0.122406341 0.040689975 
0.036992285 0.117740005 0.088251151 
0.098275222 -0.080345199 0.138828963 

-0.074981682 0.008459326 -0.124925047 
0.078528695 0.030052522 0.167871490 
-0.124184981 0.008320642 -0.135351777 

0.042883936 0.036797807 -0.028534183 
0.044659056 -0.027621508 0.075250611 
-0.114236735 0.170830846 0.167459905 

0.153464928 0.069203660 -0.066300631 
0.086496651 0.117974691 0.142759755 
-0.155979723 -0.006954146 -0.017562177 

-0.128560394 0.168985441 -0.058629278 
0.045926023 -0.039719276 0.038087510 
-0.071503684 -0.001397880 -0.020849900 

0.075726159 0.165808663 -0.156973690 
-0.075032920 0.005163481 0.158764482 
-0.122302502 -0.052206304 -0.153511479 


-0.099620461 -0.022511302 0.069953486 
0.109950855 0.137572393 0.138109460 
0.068473272 0.026549507 -0.042659886 

0.032909784 0.044916745 0.100014225 
0.144060701 -0.127393976 -0.140653357 
-0.099825710 0.030333841 0.160989970 

0.093795694 -0.030873265 0.097378843 
-0.069327310 0.100160949 -0.141155541 
0.169033483 -0.046516977 0.044839356 

0.066810876 -0.035368722 -0.093268752 
0.115453698 0.055482134 0.137266845 
-0.152897760 -0.147635013 0.085097164 

-0.146439925 0.145572454 0.009630186 
-0.069188558 -0.091603301 -0.051290490 
0.058273412 -0.120877542 -0.051852494 

0.020763833 -0.115119569 0.020401474 
-0.008942755 -0.157135665 -0.117766969 
-0.000331502 0.045678169 -0.054589767 

-0.029935788 0.070288479 -0.030135050 
-0.062556215 0.043215498 0.057944126 
0.003302268 -0.044457600 -0.092766456 

-0.129186705 0.138289049 0.125894502 
-0.023873299 0.122548938 0.057711825 
0.059203669 0.070390359 0.033858769 


-0.031074950 0.103213690 -0.040007427 
0.002582416 0.000115787 0.222617924 
0.236203358 0.238454834 0.159701452 

0.041497946 -0.068104662 0.042880770 
0.018842665 0.043444358 0.109034479 
-0.132760793 0.165547416 -0.061769705 

-0.001338335 0.155805171 0.181334496 
0.166648358 0.038306776 0.176184878 
-0.019342441 -0.072405241 -0.016715402 

-0.007116548 -0.094444878 -0.041949775 
-0.036417510 0.007039411 0.166111141 
0.073704615 0.131943047 -0.108040042 

-0.027912714 0.074648596 0.121014021 
-0.102391355 0.060954597 -0.053334903 
0.077982366 0.121539749 -0.006162546 

-0.091734193 0.093692653 0.042740751 
0.082588315 -0.080830105 -0.118006282 
-0.012670634 0.016020097 -0.153455988 

-0.054428007 0.159608200 0.072482437 
-0.096844211 0.050682224 0.025809413 
-0.092554286 -0.162556618 -0.031052673 

0.117048986 -0.098908447 0.062892266 
-0.143932998 0.129368767 0.146540999 
0.024483494 0.099701442 -0.003518383 


0.049221002 -0.142627329 -0.183582067 
-0.076429307 0.028149633 -0.169622287 
-0.010810338 -0.116194718 0.027139209 

-0.037698679 0.075571939 0.016280985 
0.147209868 0.022185206 0.136171550 
0.128549874 -0.099001631 -0.098751962 

0.024009615 -0.140059859 -0.004109798 
-0.092449702 0.158228338 0.152880400 
-0.091845572 0.080180056 -0.078857012 

0.076969102 -0.118179105 -0.134141922 
-0.008569986 -0.039873805 0.125671729 
-0.025167229 0.157720432 -0.084421314 

-0.013509098 0.113525718 0.097194776 
-0.069380775 -0.023725392 0.123338066 
0.016055737 -0.036112335 -0.011283149 

0.114910506 -0.145412877 -0.044342894 
0.109023362 -0.083397068 -0.128915474 
-0.145607561 -0.186287671 -0.002062397 

-0.062157951 0.017510526 -0.072885916 
-0.088791400 0.022898979 0.030723875 
-0.068766229 0.043665793 -0.153934404 

-0.112125985 0.033742595 -0.083730333 
-0.066625275 -0.115937479 0.134890676 
0.163619354 0.105250575 0.033396296 


-0.006574895 0.031067004 0.113034099 
0.178362384 -0.048048746 0.175630033 
0.209915966 0.068448298 0.118864454 

0.153536826 -0.140758723 -0.035721976 
-0.100904740 0.112502940 -0.148769334 
0.088347472 0.153798059 -0.065456539 

0.061683793 -0.107758179 0.123287417 
0.009673901 -0.039843690 0.100512028 
-0.158588380 0.115172267 0.117119491 

0.113861561 0.122653097 -0.157437697 
0.031152958 -0.156809762 -0.000905426 
0.005446231 0.016639145 -0.134654537 

0.118753903 0.046045277 0.087168686 
0.085030809 0.037761092 0.123590976 
-0.015710410 -0.154353127 -0.014361739 

0.023361610 -0.129720807 0.062796153 
-0.047857210 -0.140223891 0.012108619 
0.118093707 -0.080179855 0.058915909 

0.099281982 0.001980399 -0.055050358 
-0.104202293 -0.116908208 -0.014915556 
-0.132103592 0.125282332 -0.026632864 

-0.018393457 0.010447048 -0.117873333 
0.121179737 0.085789204 0.046025302 
0.142491981 0.083253667 0.149147227 


0.039004087 0.107112303 -0.122573778 
-0.108663879 -0.042568490 0.045202300 
0.141072109 -0.122930489 -0.084843241 

-0.150928661 0.070524260 -0.131881207 
-0.019677207 -0.022050664 0.113139287 
-0.102651477 0.157198980 0.127377942 

-0.065255962 -0.051815033 -0.031199738 
0.138360158 0.009892657 -0.083706141 
-0.016309932 -0.127138108 -0.020530894 

-0.166496843 -0.044280253 0.032433391 
-0.116422974 -0.122834407 -0.132829711 
-0.164339662 0.113851741 -0.043093406 

0.000839472 -0.092213675 -0.094531342 
0.104351208 -0.062285304 -0.154823899 
-0.098751508 -0.156534314 0.050650761 

-0.037947848 -0.050532147 -0.011827067 
-0.137161776 0.120809481 -0.130554080 
-0.071068607 -0.081915140 0.130696103 

0.025858283 0.055299953 -0.146317840 
-0.118091390 0.146311685 -0.047662899 
-0.103966162 -0.015521720 -0.066931449 

0.052153587 0.028388098 -0.027898550 
0.164301291 0.153962180 0.042422935 
-0.120510936 0.098241463 -0.042218611 


-0.117791168 -0.096381627 -0.058861166 
-0.069903620 0.001882422 0.184070751 
0.127628639 0.067127965 0.057813328 

0.129100382 0.091506496 -0.109451726 
-0.078384250 -0.028988514 -0.089380495 
0.095688701 0.063535847 -0.020091053 

0.036233094 -0.137485594 -0.036883187 
0.133392632 -0.078777231 -0.051443618 
-0.001647289 0.041101832 -0.113710962 

0.071660973 0.152417853 0.140920565 
0.143961638 -0.163687557 -0.169395134 
-0.141029567 -0.142781496 0.141385242 

-0.149925157 0.098658666 0.158592626 
-0.072704226 -0.009881638 -0.067404114 
-0.100736685 -0.096222550 0.085705370 

0.105722114 0.071603194 0.000345134 
0.057379879 -0.073005900 0.071186274 
0.061098240 -0.151128143 0.158914313 

0.011547724 -0.093923636 -0.084133722 
0.053271435 0.078308411 -0.116001435 
-0.054235522 0.091086805 -0.085694574 

0.138367310 0.106759138 -0.051620528 
0.058720652 0.047930758 0.054097582 
0.018596426 0.135991260 -0.170501336 


0.160676405 0.215438053 0.015010218 
0.054991122 0.040354393 0.080822498 
0.092480570 0.262411088 0.124679841 

0.103316501 0.063928425 0.149728477 
-0.127257422 0.153482437 0.165876091 
0.021094669 -0.063173704 0.017907728 

0.148935318 0.164909989 0.207760632 
0.098068178 0.183459073 0.049703274 
0.149450555 -0.057517119 0.031275533 

0.058441021 0.137952000 -0.141089424 
-0.033897638 0.101066448 -0.060697190 
0.032502986 -0.084850758 0.020210842 

-0.089228712 -0.042190924 0.145528778 
-0.114364535 0.059454817 0.065437414 
-0.043303791 0.082304388 0.058284249 

-0.029805994 0.172265306 -0.069032647 
0.025662983 0.118687831 0.097494669 
0.117242888 0.119758487 0.096751228 

-0.064102955 -0.055224419 0.109180592 
-0.024261236 -0.088070072 -0.105334528 
-0.105850674 0.059144408 -0.063303865 

-0.032111987 0.004711018 0.124043092 
-0.126820892 0.042935900 0.092500247 
0.024618473 0.013653927 0.063628487 


0.122227043 0.082949504 0.158013195 
0.012694237 -0.002676747 -0.015070407 
0.170865193 0.070477404 0.130179033 

-0.079991683 0.066687286 -0.094456352 
-0.128550127 -0.030038532 -0.132812232 
-0.124095209 -0.000007326 -0.094761193 

-0.116922446 0.109686561 -0.087523237 
-0.143386230 0.078012332 0.169062659 
-0.132241845 -0.016414154 -0.117119938 

0.112545006 -0.046341147 -0.016536446 
-0.169447258 0.033063326 0.070299849 
0.012421884 -0.135117620 -0.051791999 

-0.074129544 -0.040394075 0.075247452 
0.159685358 0.115679756 -0.129022390 
-0.094398990 0.155668318 0.148392588 

0.141316876 0.164347529 0.101506464 
-0.097681306 0.032417152 0.117914550 
-0.076100372 0.149795592 0.000402621 

-0.155467257 -0.053779311 0.017979594 
0.036588430 -0.013742437 0.111499764 
0.059605964 -0.038564067 0.150944754 

-0.135386392 -0.128470421 -0.050376717 
-0.051333621 0.046358939 0.153019443 
-0.109064415 -0.152999863 0.102082841 


0.113585360 0.166953862 -0.121102490 
0.084312811 0.192294091 0.114529438 
0.108711042 -0.019457290 0.046802271 

0.060685623 0.123363353 -0.078951709 
0.031637251 0.141548276 -0.180246115 
-0.022041947 -0.122033708 -0.051115684 

0.102790676 -0.039450768 -0.160851032 
-0.007424396 -0.114025950 -0.068825565 
-0.096812651 0.090964846 0.056448333 

0.116867974 -0.143198937 0.146060973 
-0.133120209 0.066809677 0.077855796 
-0.078445770 -0.090281248 -0.089586228 

-0.020785995 -0.024985146 0.140358031 
0.020187847 0.103897281 -0.077152543 
0.029204242 0.068334348 -0.070858642 

0.125320792 -0.117110394 -0.027348310 
0.123552039 0.009439392 0.021761857 
0.053572670 -0.085559368 -0.078520708 

0.073156714 -0.168666363 -0.020075474 
-0.042211760 -0.081697650 0.033215109 
0.059229787 0.092954315 0.104263946 

-0.067765705 0.016579997 -0.169825032 
-0.058139805 -0.079597332 0.099937908 
0.104667678 0.024532923 0.116530783 


0.005766980 0.270783663 0.165654689 
0.070994616 -0.029248564 0.122986488 
0.076589353 0.135537073 0.250188321 

0.129357755 -0.096946806 -0.111295283 
-0.119245388 0.008396817 0.071143903 
0.114769660 -0.140374720 0.132434487 

0.139931232 -0.111324735 0.023279062 
0.012934866 -0.043394826 -0.160594255 
-0.095746271 -0.136179343 0.112879097 

0.143169791 -0.148720801 -0.057608657 
-0.141195327 -0.154641509 0.027382318 
0.068883784 0.044564951 0.105602995 

-0.071881391 0.025667286 -0.100114301 
-0.031424120 -0.092936084 0.131636620 
-0.155189872 -0.107082166 0.060786419 

0.012576150 -0.139451891 -0.105707951 
0.162362352 0.106648371 0.134841725 
0.060434513 0.078826427 0.115477413 

-0.058392100 -0.079954639 -0.149119496 
-0.125411421 0.142085850 0.034649402 
0.084426031 -0.085813373 0.100275591 

0.011985691 -0.069059268 0.100750796 
0.043735523 0.044670805 0.019752454 
0.159551203 0.173812494 0.077752933 


0.174566776 0.172287345 -0.076967254 
-0.005813799 0.208068267 0.116835371 
0.211673170 0.105957054 0.182807580 

-0.054800119 0.021294063 0.031697445 
0.034262225 0.054083820 0.105498910 
-0.116789863 -0.119634882 -0.086563759 

0.152010977 0.069925025 0.036757987 
0.080291495 -0.069900364 0.002705915 
-0.043549366 0.040217910 -0.057902474 

0.093420811 -0.068795107 -0.087489963 
-0.085237987 -0.151237339 -0.086847045 
0.120998174 -0.085829318 0.122354403 

-0.129842356 0.079888552 -0.027240224 
0.041859496 -0.014400473 -0.095698319 
-0.131197244 0.074199170 0.023052529 

0.138627663 0.129668728 0.163481936 
-0.101401381 -0.062576137 -0.003043943 
-0.051731490 0.144636035 -0.044877503 

-0.066259980 0.085891545 0.004197962 
-0.026098479 -0.117819056 -0.063209340 
0.105426215 0.059429739 0.081211865 

0.077906169 0.133420452 0.142512217 
-0.159952804 -0.046257839 0.022980260 
0.022780515 -0.119474925 -0.057893168 


-0.018821627 0.003118017 0.015063573 
0.114758149 0.027295835 0.211010620 
-0.028474659 0.128141195 -0.018794751 

-0.129524514 -0.015643815 -0.151378497 
0.155043900 0.072667874 -0.122915007 
-0.096010223 -0.140865684 0.163855553 

0.114450440 0.032324314 -0.109898642 
-0.075432725 -0.031564705 -0.034419615 
-0.123938330 0.111930929 -0.092747770 

-0.042923376 -0.029059149 0.002197658 
-0.025369139 0.008133800 -0.011088200 
-0.144907624 -0.136091426 -0.022684727 

0.121981233 -0.131226867 -0.092959210 
0.041340567 -0.034858372 -0.136010632 
-0.090282746 0.134480104 0.008508927 

0.076635592 0.037838385 0.115644418 
-0.136449888 -0.008272931 0.167370394 
0.009238622 -0.053635944 -0.094285607 

0.172371164 -0.026407745 0.032664113 
0.053911269 -0.021765828 -0.069759756 
0.100692533 -0.072554514 -0.052814901 

-0.108223498 0.133786067 0.125721708 
-0.016445551 -0.147547051 -0.015749542 
0.160131887 0.104805604 0.101123847 


