-0.084517442 0.055837303 -0.073604822 
-0.157786354 0.074256577 0.103737392 
-0.148364097 0.145375922 -0.076255880 

0.029636461 0.045215104 -0.146680728 
0.003480670 -0.103226818 0.190534517 
0.117112324 -0.042382047 -0.103330620 

-0.005771816 0.164365590 0.025201175 
0.131993443 0.022757752 -0.033023268 
-0.057389956 0.103936881 -0.062970236 

-0.159560964 0.155744314 0.010075178 
0.145799130 -0.093631990 -0.098669879 
-0.012813847 -0.053880017 -0.135240421 

0.174137264 -0.055403147 -0.015190095 
-0.155557200 0.107406512 0.026855934 
-0.135910898 0.113446124 0.107711792 

0.048115417 -0.125096694 -0.013142869 
-0.113156609 0.093776740 0.069608070 
0.048147254 0.063986719 -0.040998098 

-0.093627624 -0.015374881 -0.088899001 
-0.107018560 0.035666216 -0.112344056 
0.052507281 -0.094406813 -0.022699114 

0.125135839 -0.022582466 0.133460313 
0.074599966 -0.089925915 0.042036902 
-0.089089170 -0.164577797 -0.081006564 


-0.046168409 -0.079846695 0.053687252 
-0.115517348 -0.053601451 -0.040471464 
-0.140412271 0.068293050 -0.072533429 

0.114171907 -0.055196367 -0.038585186 
0.104165599 0.045138754 -0.077534437 
0.101411335 0.086434752 0.098979816 

0.053576834 -0.026965909 0.161707312 
-0.141427159 -0.014550893 -0.065390773 
0.079371363 -0.067013308 -0.157386884 

0.116687462 0.146719769 0.073206633 
0.083171897 0.089827068 0.138888374 
-0.064671084 0.086540721 -0.147335276 

-0.107552983 0.162359849 0.111182801 
-0.131216347 0.029537836 0.077313304 
0.150852114 -0.036055084 -0.148371279 

-0.049791664 -0.036974858 -0.044320822 
0.035445873 -0.133300930 -0.075332187 
0.117494911 0.038435739 0.023226095 

-0.022319153 0.001576935 0.082560956 
-0.086533807 -0.085537493 0.119294062 
-0.002241366 -0.041518837 0.027954776 

-0.121428229 0.160122618 0.008939581 
0.159104854 0.135720223 -0.062734999 
-0.050995089 0.024737602 -0.062321682 


-0.131883979 0.092147231 -0.075565472 
0.066776797 -0.129557580 0.119167507 
0.119271688 -0.164570466 0.122992776 

0.049685746 0.087923095 -0.029718166 
0.141363248 0.086278409 0.129902929 
0.066125512 -0.014390438 0.122094624 

0.089269258 -0.133199126 0.154052362 
0.136611879 0.145526826 -0.059870504 
-0.055649921 0.050490908 0.121976972 

0.044882312 0.096945263 -0.022706414 
-0.164041594 0.088111341 -0.103600562 
0.070399821 -0.074928433 0.010643165 

0.081595205 -0.107469790 0.033559360 
-0.085280918 0.061666675 -0.087597772 
-0.133430302 0.162820056 0.126473263 

0.079022795 -0.031615369 0.085486777 
0.096826240 -0.028392950 0.078877047 
0.101594098 -0.120489262 -0.001635295 

-0.000312393 -0.135399148 0.057008777 
-0.020747632 -0.005008789 0.079105794 
-0.084262207 -0.148628756 -0.128885016 

-0.009257452 -0.141548797 -0.038022798 
-0.091084361 -0.043050066 0.007925218 
0.148228168 0.040601488 -0.058029756 


0.000044050 -0.037658956 0.124298796 
-0.125460833 0.106978156 0.080733754 
-0.150282204 -0.027519517 -0.036384214 

0.132043809 0.002379614 0.101649299 
0.139638186 -0.088562340 -0.142090157 
-0.119509667 -0.027219046 -0.158748880 

-0.069815703 -0.044261485 0.129247889 
0.139739498 -0.052372932 -0.112643555 
0.002192785 0.060515761 -0.079282515 

0.003616919 -0.121778429 -0.038813565 
-0.152155116 -0.159247786 0.026950583 
0.037014473 -0.070049554 -0.055620279 

-0.003346876 0.003753267 -0.000137838 
0.157723069 0.046918251 -0.005719141 
-0.041154362 -0.030499382 -0.046197999 

0.173358425 0.044332512 0.008875372 
0.027955284 -0.126961857 -0.048895210 
0.172703177 0.037777137 0.073692940 

0.003614175 -0.022421729 0.071092084 
-0.058872942 0.160883144 -0.131061643 
-0.136427626 -0.024834180 0.096850567 

-0.174824134 0.123046324 -0.078154601 
0.132827297 0.077351496 0.084841818 
-0.092152283 0.101896085 0.068358541 


-0.104109526 -0.154409140 -0.157275185 
-0.128292084 -0.134778202 -0.036387384 
0.034338772 -0.011120611 0.121369094 

0.072730981 -0.061846904 0.095832877 
0.143039182 -0.044980261 0.102387302 
0.044266187 -0.020009570 -0.019226030 

0.161066815 -0.135191560 0.066949658 
-0.132021472 0.112759367 -0.069425963 
0.088075899 0.016248317 0.039813943 

0.034812596 -0.123915218 0.024317926 
-0.023682667 0.102713779 0.099894062 
-0.099158496 0.015870459 0.099636890 

-0.005732699 0.110379092 -0.036352910 
-0.078685917 0.071086235 0.115014441 
0.001347888 -0.149342224 0.067482226 

0.034981906 0.119861148 0.111466832 
-0.082033411 0.105982974 0.127886802 
-0.039432805 0.048141699 0.039885815 

0.013320040 -0.093715847 -0.130633503 
-0.118927769 -0.013891965 0.151304632 
0.022747377 0.037450749 -0.113557212 

-0.052514859 -0.106767267 0.031942014 
0.087131567 0.062453181 0.023645252 
0.093625039 0.157051995 0.138297141 


0.150424093 0.034487896 0.011039187 
0.013435871 -0.137480736 0.114048287 
0.019529330 0.011062826 0.017139390 

0.073502667 0.124440826 -0.025573758 
0.040642638 -0.160686806 -0.120230302 
-0.075249463 -0.135813057 0.046834864 

0.088234864 0.076565482 -0.138200477 
0.003035654 0.063681163 -0.144486502 
0.000992905 -0.128491014 -0.053131651 

-0.050130479 -0.146498695 -0.006449778 
0.030639313 -0.020354809 0.112941436 
-0.102246135 0.041691720 0.144788608 

-0.081938438 -0.058504313 -0.140801698 
-0.062696524 0.005863584 0.137272030 
0.016079575 -0.081291750 0.090915903 

0.032789480 -0.083655387 0.154035732 
0.121979006 0.164632812 -0.074325204 
-0.079175346 -0.068581983 -0.127356619 

0.018453969 -0.049941145 0.009974403 
-0.142701551 0.078854345 0.071265422 
0.102867924 0.143927261 -0.004583736 

0.053660579 -0.004090388 0.079110324 
0.093873531 -0.108439513 -0.095392011 
-0.021747917 -0.113845311 0.107209601 


-0.157391548 0.151010439 0.010802791 
-0.075107574 -0.060972296 0.130585596 
-0.039662674 0.087533906 -0.154210895 

0.081771724 -0.115747012 0.096822917 
0.141500652 -0.108293414 -0.019456862 
0.092646666 0.077879019 0.156880662 

-0.120574236 0.140022919 -0.072639570 
-0.143280998 0.023329824 -0.075474516 
-0.080616020 -0.006572808 -0.162450686 

0.132126346 -0.033387229 0.059629396 
-0.049813353 -0.108262539 -0.034743905 
0.006019235 0.086164072 -0.058638573 

0.044157501 -0.144603491 0.131700188 
-0.136469141 0.088713251 0.151966363 
-0.017612170 -0.003967895 -0.168748230 

0.003244649 0.122865811 -0.107845686 
0.042262029 0.111035571 0.015265044 
0.052233726 -0.049600553 -0.026957795 

0.029508060 0.040438384 -0.060508981 
0.049554270 -0.104712829 -0.012914648 
0.124021620 -0.016058028 -0.118505463 

-0.046243865 0.048964340 -0.033351112 
0.150989085 0.028160695 -0.146434218 
-0.171905130 -0.024386061 -0.092335477 


0.062571123 -0.013285443 0.013775989 
-0.149846911 0.148967937 0.042121381 
0.018014669 0.011195496 0.017129973 

-0.061851814 -0.051648788 0.152920857 
0.001490498 -0.007676711 0.110069640 
0.148831606 0.062636130 -0.082962096 

0.105246104 -0.058658883 -0.080122590 
0.033758361 -0.108708590 -0.080432683 
0.118326314 -0.086410649 -0.131858513 

-0.007293688 -0.027956678 0.092563711 
0.070387021 -0.033279542 0.090587094 
-0.151411906 -0.065204039 0.117688835 

-0.134434238 -0.151643500 -0.120254248 
-0.082972445 -0.024042685 -0.005333938 
0.111140832 0.026544437 -0.064647183 

0.140799031 -0.037727658 -0.115526088 
-0.058495473 -0.000259556 -0.086862706 
-0.061036021 0.001696092 -0.098114140 

0.159551710 0.016425481 0.101924412 
0.050117176 0.142651901 0.142454445 
-0.112578295 -0.050064735 -0.121182889 

-0.075274192 -0.167256609 -0.071917079 
0.001278358 -0.049211677 0.071035244 
-0.064193398 -0.034445457 0.156899735 


0.040943265 -0.023639366 -0.088177048 
-0.091330931 0.157980219 -0.028292537 
0.038781568 0.006776616 -0.041953966 

0.025576666 -0.053487822 0.084377930 
-0.127257869 -0.010536119 -0.082511827 
0.120402053 -0.037628219 -0.108079001 

-0.122326851 0.099096790 -0.011039779 
-0.039076209 0.138062313 0.087766334 
-0.129712790 -0.094522834 0.149190113 

-0.131089449 0.046579242 0.129004136 
0.138376072 -0.137394115 0.106863812 
0.051735997 0.006859541 0.004345581 

-0.096442901 0.086138979 -0.110733233 
-0.042194724 0.064165831 0.075632855 
0.008672357 -0.115792155 -0.108765088 

0.109548166 -0.145478770 0.163367078 
-0.125711560 -0.007860780 0.094411090 
-0.073659860 -0.088442802 0.026860237 

-0.078655444 -0.009169295 -0.127416179 
-0.119664155 -0.125164911 -0.156747267 
-0.163864464 -0.145909637 -0.048225805 

0.041377380 -0.160514802 0.083503082 
0.028440595 -0.025155306 -0.077330396 
-0.166244790 0.009430647 -0.004945949 


0.116149664 0.005393490 -0.118381627 
0.160770178 0.093790576 0.012849927 
-0.046249721 0.164555162 -0.028348304 

-0.012341531 -0.019026037 0.120122604 
-0.157612488 0.044965338 0.133546948 
-0.081930295 0.046678446 0.092066154 

-0.135101289 0.013216977 0.074325658 
0.081443593 0.039323255 0.138759896 
0.147239789 0.026020773 0.017166307 

0.007731812 0.087551206 0.034947231 
0.035661642 -0.141112015 -0.126697734 
-0.139218256 -0.120623216 0.169054136 

0.040917251 -0.012263040 0.095984131 
0.081940092 -0.034732740 -0.075280599 
0.034883812 -0.164025947 -0.063739441 

-0.127257586 0.046715673 -0.077485718 
-0.079229839 0.168254748 -0.137067929 
0.021107303 -0.139197707 -0.062018983 

-0.074532449 -0.082219280 -0.146939889 
0.075591259 0.092845157 0.101146445 
0.063557133 -0.100210629 -0.155412793 

-0.007411519 -0.121436454 -0.050876595 
0.044741619 -0.022788601 0.037392497 
0.142099187 0.070796810 -0.076218426 


0.054713272 -0.080426797 0.114797078 
0.073508814 0.037090458 0.069165982 
-0.035508588 0.164307743 -0.144207075 

-0.149829984 -0.001892267 -0.175231695 
0.069489017 0.103514604 -0.047123455 
0.036488511 -0.002431804 -0.137984917 

-0.155029416 0.027190782 0.062711604 
0.139729634 -0.115943886 0.024156939 
0.151562825 0.079306290 0.111809731 

0.039787885 0.096518457 0.025741961 
-0.105748303 0.050858770 0.154405519 
-0.168828636 -0.094478101 0.003101598 

0.023619231 -0.026381345 -0.019951180 
-0.022291100 0.078740016 -0.123566151 
0.101373196 -0.070166655 0.003757607 

0.107779622 0.139100537 -0.093116529 
-0.062361624 0.121399209 -0.100735240 
-0.065443255 0.053317733 0.053307045 

0.071829088 0.112199567 0.025014795 
-0.064706966 0.142524987 -0.088002391 
-0.128599048 -0.048672635 -0.058818962 

-0.029694239 -0.092093341 0.028988764 
-0.155153513 -0.093621969 0.089431532 
-0.065103881 -0.099095196 0.146597534 


-0.134069011 -0.104197413 -0.053639848 
-0.028967759 0.109026738 -0.144659936 
-0.085911371 -0.034334451 -0.087984487 

-0.099229373 -0.102287181 -0.132717133 
0.086472102 -0.167777911 -0.099385455 
0.115587220 0.053237397 -0.007540384 

0.093316071 -0.066984452 -0.060739726 
-0.090857334 -0.006949086 -0.074908495 
-0.146729857 -0.095106497 -0.143336564 

-0.022977745 0.054368354 0.128571972 
0.054161914 -0.095168561 0.022453628 
-0.094460882 -0.052052278 -0.030455617 

0.102696553 0.035802640 -0.127929851 
0.123836622 -0.059163887 0.088462308 
0.130252987 0.079351142 -0.061943363 

-0.029696746 -0.075643584 -0.019308528 
-0.017638147 -0.126023188 0.050023735 
-0.148389801 0.136755586 -0.019637017 

0.129123941 0.086517498 -0.096043989 
-0.052887686 0.054421071 0.042982321 
0.017951332 0.127776936 -0.087215878 

0.054542031 -0.027452886 0.091218039 
0.064428471 -0.123147465 0.155226022 
0.108798921 0.128695875 -0.020434467 


-0.122688994 -0.048903208 -0.128777117 
-0.104526162 -0.060800549 -0.065286703 
-0.122115090 0.130356774 0.002704903 

0.016234493 -0.010184302 -0.149274677 
-0.081365444 0.070460632 -0.152788505 
-0.002940479 -0.087814450 0.095058054 

0.134076431 0.167785421 -0.012308623 
0.084352635 -0.115621105 0.071759798 
0.132536083 -0.124142900 0.037104364 

0.104100801 -0.058702897 0.037076250 
0.112996161 -0.056443553 0.093882404 
0.077327132 -0.162773892 -0.077462755 

0.049143512 -0.022770291 -0.086707756 
-0.126760006 -0.093922704 0.036376119 
-0.100436032 0.054768015 -0.081230916 

0.044305291 0.156397790 0.012592304 
0.083798096 -0.134958789 0.094508290 
-0.034483977 -0.112164743 -0.116961583 

0.127013490 -0.056283657 0.165785968 
-0.160204366 -0.141114682 -0.092937179 
-0.090667516 0.137964278 0.053508166 

0.063759401 0.123285934 0.118829347 
0.130491495 -0.077640787 -0.147060663 
0.104811475 -0.126447767 0.006725123 


-0.126987591 -0.034843620 0.084846236 
-0.057882495 0.086835742 -0.162160158 
-0.098695666 -0.161038354 -0.120259173 

-0.077090390 -0.003451720 0.033416223 
-0.078242555 0.149613202 0.058077771 
0.029620752 -0.085055970 -0.101708964 

0.099123172 0.094998419 0.079792485 
-0.047911536 0.042484730 -0.016179919 
0.096070461 0.023712853 -0.031943459 

-0.049777720 0.120185956 -0.086004026 
0.142183587 0.125655517 -0.120010532 
-0.161265776 -0.143123090 0.146167278 

-0.083512284 0.027504858 -0.140920371 
0.072627187 -0.116076052 0.039653707 
0.138937935 0.106531955 -0.060343754 

0.071340375 0.121460535 -0.077100448 
0.078766659 0.100053445 -0.140251234 
-0.130255356 -0.128794968 0.100997627 

0.165009722 -0.069132380 -0.138347819 
-0.069831431 0.082030639 -0.092552125 
-0.056987092 -0.147651434 -0.150398478 

0.176385090 -0.037866727 -0.110512562 
0.179566398 -0.118107691 -0.161713243 
-0.091140613 0.105705872 0.013768220 


-0.089969568 0.005223274 -0.009501502 
0.034697469 0.159796581 -0.140292048 
0.068803266 -0.032651067 0.108391568 

-0.140648857 0.147716403 -0.015286298 
-0.072851047 -0.142851338 0.157550976 
0.120953843 0.100911200 0.083725795 

-0.034864854 -0.075151689 -0.108349681 
-0.065187640 0.059281684 0.102080993 
-0.129740536 0.066154994 0.101064451 

-0.028141260 -0.044176303 -0.061170898 
-0.134122342 0.151700988 -0.117102548 
-0.029883221 -0.091272317 0.080882505 

0.033854123 -0.071116164 0.100632831 
-0.050175417 0.018737324 0.041053563 
0.093193583 -0.091806777 -0.072470337 

-0.027301827 -0.105579555 -0.066008471 
0.016392644 0.042728428 0.043871082 
0.064613849 -0.136068150 0.122642614 

-0.094439127 0.095207535 -0.080154464 
-0.061116908 -0.091463901 0.009703759 
0.118302412 0.022277214 -0.157445878 

-0.001003913 -0.069289036 -0.127273828 
-0.060472813 0.029746743 0.030625749 
-0.035349812 -0.015166566 0.049738329 


0.070320450 -0.052583557 0.163329288 
0.118268199 -0.114958800 0.105050623 
-0.058011703 -0.164619073 -0.097266249 

-0.059789337 0.106394738 0.029959282 
0.132652014 -0.168791398 0.074372418 
-0.160469472 0.098922953 -0.004013638 

-0.073437586 -0.003377996 -0.114625178 
-0.063164085 0.076206177 0.104887836 
0.065674692 0.008082309 0.039307151 

0.164471135 -0.008038970 0.118839934 
-0.019192290 -0.063495755 0.149931893 
0.100748613 0.099083073 -0.113342747 

-0.058728572 0.087019816 0.134081572 
-0.018389214 0.076679170 -0.065872945 
-0.010920220 -0.107423775 0.149609149 

0.037402865 0.032333720 0.103713945 
-0.039406195 -0.001281372 -0.165724069 
-0.068270482 -0.139512151 0.084410146 

0.077123523 -0.095945992 -0.044463050 
-0.162923694 -0.147240251 0.154816166 
-0.017706692 0.031806361 0.021070672 

-0.091140941 0.034426369 0.049686201 
0.079797059 -0.148872003 -0.016598191 
-0.044320442 -0.020295590 -0.022204764 


